19
63
65
84
89
100
111
120
126
128
131
162
172
196
201
209
213
227
246
251
261
264
266
283
317
322
324
328
335
338
350
355
360
376
461
462
468
472
479
541
545
581
600
605
609
611
642
655
662
680
684
716
725
728
751
755
760
785
787
977
982
993
994
1039
1041
1051
1075
1101
1111
1147
1156
1185
1187
1192
1226
1231
1239
1245
1300
1312
1361
1365
1370
1371
1389
1391
1394
1432
1434
1435
1493
1526
1529
1566
1598
1599
1646
1655
1660
1725
1728
1734
1735
1749
1769
1818
1822
1826
1875
1879
1882
1885
1993
1995
2018
2023
2027
2069
2117
2175
2194
2199
2238
2243
2252
2261
2716
2802
2803
2807
2812
2829
2848
2886
2980
2985
2999
3019
3021
3024
3060
3162
3166
3169
3172
3229
3232
3233
3260
3261
3379
3402
3439
3644
3653
3659
3713
3757
3781
3802
3811
3969
3975
4044
4069
4123
4139
4218
4299
4302
4312
4424
4590
4597
4647
4648
4654
4655
4734
4749
4757
4759
4842
5075
5202
5207
5280
5496
5512
5520
5521
5634
5640
5644
5741
5742
5751
5757
5764
5767
5768
5846
5850
5853
5874
5883
5915
5917
5919
5966
5978
5979
6034
6037
6058
6204
6207
6208
6209
6470
6472
6475
6498
6508
6569
6591
6707
6839
6848
6886
6989
7001
7072
7075
7079
7314
7315
7334
7462
7570
7574
7578
7579
7648
7657
7660
7666
7721
7741
7788
7815
7820
7821
7855
7894
7904
8073
8077
8167
8194
8702
8703
8710
8959
9197
9225
9236
9503
9504
9676
9742
9754
9850
9857
9863
10246
10247
10250
10256
10634
10641
10642
10647
10674
10678
10750
10798
10801
10829
10832
10932
11172
11178
11189
11675
11676
11785
11903
11943
11945
11987
12233
12437
12461
12480
12482
12524
12648
12652
12658
12964
13275
13648
13670
13715
13718
13726
13727
13970
14088
14133
14143
14173
14285
14296
14387
14446
14865
14866
14867
14868
14873
14880
14895
15531
15535
15560
15568
16108
16110
16113
16129
16138
16229
16252
16467
16470
16471
16473
16765
16770
16797
16891
16897
16899
16900
17064
17124
17130
17136
17257
17316
17319
17558
17559
17560
17561
17611
18124
18130
18145
18335
18340
18357
18365
18419
18420
18422
18426
19044
19045
19335
19350
19660
19668
19679
19828
19918
20046
20325
20330
20336
20366
20369
20377
20427
20536
20552
20561
20563
20564
20569
20652
20671
20687
20693
20711
21059
21079
21857
1000022
1000074
1000076
1000077
1000111
1000112
1000125
1000135
1000138
1000139
1000165
1000166
1000167
1000168
1000191
1000192
1000194
1000298
1000299
1000332
1000333
1000379
1000380
1000381
1000382
1000399
1000400
1000401
1000430
1000586
1000615
1000622
1000623
1000624
1000712
1000713
1000714
1000717
1000733
1000734
1000735
1000761
1000762
1000763
1000764
1000863
1000932
1000948
1000949
1000950
1000951
1000966
1001053
1001078
1001079
1001122
1001123
1001124
1001125
1001170
1001171
1001172
1001173
1001208
1001217
1001218
1001219
1001220
1001303
1001304
1001305
1001364
1001382
1001383
1001401
1001406
1001425
1001426
1001448
1001449
1001455
1001456
1001483
1001484
1001560
1001678
1001763
1001764
1001765
1001766
1001914
1001915
1001916
1002000
1002012
1002013
1002014
1002015
1002144
1002145
1002169
1002178
1002256
1002283
1002284
1002285
1002397
1002398
1002399
1002400
1002416
1002436
1002437
1002457
1002458
1002459
1002487
1002488
1002489
1002513
1002514
1002515
1002559
1002598
1002599
1002600
1002604
1002605
1002651
1002688
1002689
1002701
1002723
1002799
1002800
1002801
1002802
1002805
1002806
1002807
1002826
1002827
1002828
1002830
1002853
1002854
1002855
1002858
1002859
1002860
1002884
1002885
1002887
1002889
1002890
1002891
1002892
1002902
1003004
1003008
1003032
1003055
1003060
1003061
1003062
1003074
1003097
1003228
1003235
1003237
1003238
1003294
1003295
1003296
1003469
1003526
1003527
1003546
1003547
1003594
1003595
1003597
1003598
1003599
1003692
1003693
1003694
1003695
1003717
1003728
1003729
1003799
1003800
1003801
1003812
1003813
1003814
1004157
1004159
1004199
1004245
1004294
1004295
1004296
1004297
1004310
1004311
1004333
1004334
1004353
1004401
1004402
1004403
1004404
1004421
1004431
1004438
1004439
1004475
1004476
1004477
1004515
1004516
1004517
1004518
1004597
1004616
1004656
1004657
1004660
1004671
1004672
1004673
1004674
1004726
1004728
1004753
1004795
1004796
1004797
1004831
1004832
1004839
1004840
1004869
1004895
1004943
1005001
1005002
1005004
1005032
1005033
1005034
1005083
1005084
1005213
1005214
1005241
1005242
1005358
1005359
1005360
1005387
1005419
1005420
1005432
1005433
1005434
1005479
1005480
1005481
1005493
1005494
1005495
1005496
1005499
1005522
1005523
1005524
1005525
1005530
1005540
1005541
1005542
1005543
1005602
1005604
1005606
1005649
1005650
1005714
1005773
1005839
1005840
1005841
1005902
1005903
1005904
1005905
1005907
1005908
1005924
1005925
1005926
1005930
1005931
1005932
1005933
1006011
1006012
1006020
1006022
1006024
1006025
1006191
1006192
1006193
1006211
1006241
1006270
1006271
1006291
1006300
1006309
1006310
1006322
1006323
1006324
1006325
1006339
1006345
1006346
1006347
1006359
1006360
1006422
1006423
1006427
1006462
1006463
1006464
1006583
1006584
1006587
1006662
1006742
1006769
1006770
1006806
1006807
1006810
1006821
1006830
1006879
1006880
1006881
1006884
1006885
1006886
1006896
1006897
1006898
1006990
1007019
1007020
1007021
1007030
1007032
1007033
1007034
1007035
1007059
1007060
1007123
1007124
1007125
1007126
1007138
1007203
1007204
1007206
1007211
1007212
1007213
1007257
1007259
1007260
1007261
1007262
1007307
1007308
1007309
1007330
1007331
1007336
1007337
1007463
1007464
1007465
1007487
1007488
1007557
1007558
1007559
1007560
1007767
1007769
1007770
1007823
1007841
1007858
1007859
1007861
1007909
1007949
1007966
1008034
1008053
1008079
1008096
1008098
1008099
1008104
1008105
1008134
1008136
1008211
1008212
1008228
1008278
1008279
1008280
1008281
1008348
1008354
1008355
1008523
1008524
1008525
1008631
1008632
1008646
1008647
1008648
1008650
1008690
1008720
1008729
1008730
1008744
1008745
1008746
1008775
1008810
1008811
1008834
1008835
1008871
1008872
1008873
1008874
1008905
1008906
1008915
1008916
1008917
1008965
1008975
1008976
1008977
1008978
1009080
1009138
1009141
1009142
1009259
1009260
1009261
1009262
1009263
1009299
1009300
1009301
1009320
1009321
1009322
1009323
1009359
1009360
1009502
1009507
1009525
1009531
1009532
1009555
1009594
1009679
1009680
1009713
1009714
1009718
1009719
1009729
1009730
1009748
1009749
1009750
1009823
1009824
1009875
1009876
1009877
1009878
1009891
1009892
1009893
1009906
1009947
1009954
1009965
1010019
1010021
1010104
1010105
1010132
1010240
1010241
1010252
1010253
1010296
1010297
1010298
1010313
1010326
1010349
1010350
1010351
1010431
1010521
1010522
1010561
1010562
1010569
1010570
1010572
1010588
1010589
1010602
1010603
1010604
1010605
1010650
1010651
1010696
1010700
1010774
1010775
1010776
1010825
1010830
1010831
1010832
1010833
1010841
1010855
1010856
1010875
1010902
1010903
1010904
1010905
1010917
1010944
1010945
1010946
1010947
1010967
1010968
1010986
1010987
1011030
1011085
1011087
1011112
1011143
1011144
1011145
1011167
1011213
1011214
1011266
1011273
1011274
1011293
1011306
1011307
1011351
1011352
1011360
1011372
1011373
1011412
1011427
1011428
1011429
1011430
1011461
1011462
1011499
1011500
1011501
1011502
1011503
1011520
1011524
1011525
1011526
1011544
1011545
1011546
1011547
1011552
1011595
1011596
1011597
1011648
1011649
1011650
1011678
1011713
1011748
1011773
1011774
1011784
1011786
1011881
1011885
1011928
1011958
1011959
1011960
1011961
1011964
1011965
1011966
1011985
1011986
1011987
1012019
1012020
1012021
1012022
1012075
1012076
1012077
1012078
1012120
1012121
1012185
1012186
1012188
1012198
1012205
1012266
1012303
1012304
1012310
1012311
1012312
1012313
1012316
1012317
1012318
1012365
1012366
1012380
1012381
1012382
1012383
1012384
1012421
1012422
1012423
1012433
1012434
1012435
1012436
1012468
1012520
1012521
1012528
1012529
1012530
1012531
1012566
1012567
1012601
1012626
1012639
1012696
1012697
1012700
1012701
1012702
1012703
1012796
1012853
1012885
1012886
1012887
1012944
1012946
1012947
1012948
1012949
1012963
1012964
1012965
1013054
1013055
1013064
1013065
1013066
1013067
1013104
1013106
1013107
1013116
1013117
1013118
1013128
1013129
1013130
1013139
1013140
1013141
1013159
1013160
1013161
1013163
1013244
1013245
1013247
1013257
1013258
1013259
1013266
1013267
1013268
1013269
1013285
1013286
1013304
1013306
1013356
1013357
1013360
1013361
1013362
1013363
1013364
1013384
1013401
1013524
1013545
1013546
1013547
1013566
1013567
1013572
1013593
1013594
1013595
1013602
1013604
1013605
1013606
1013660
1013661
1013682
1013683
1013712
1013713
1013715
1013716
1013727
1013728
1013729
1013736
1013785
1013889
1013978
1013979
1013980
1013981
1014067
1014097
1014100
1014101
1014102
1014103
1014117
1014118
1014119
1014120
1014134
1014135
1014182
1014183
1014207
1014246
1014247
1014297
1014299
1014300
1014341
1014342
1014371
1014422
1014496
1014497
1014517
1014518
1014520
1014592
1014593
1014594
1014605
1014606
1014607
1014638
1014640
1014641
1014661
1014662
1014663
1014664
1014667
1014728
1014744
1014745
1014746
1014783
1014784
1014785
1014885
1014886
1014887
1014888
1014894
1014937
1014939
1015006
1015050
1015051
1015077
1015088
1015089
1015090
1015162
1015163
1015219
1015220
1015224
1015339
1015340
1015341
1015368
1015369
1015370
1015371
1015383
1015384
1015385
1015389
1015390
1015391
1015392
1015476
1015572
1015619
1015722
1015725
1015810
1015845
1015846
1015847
1015864
1015865
1015866
1015867
1015916
1015917
1015918
1015919
1015928
1015929
1015930
1015976
1016007
1016095
1016096
1016109
1016110
1016143
1016144
1016145
1016187
1016245
1016262
1016263
1016264
1016304
1016305
1016306
1016338
1016339
1016340
1016353
1016354
1016386
1016443
1016444
1016445
1016446
1016463
1016492
1016493
1016494
1016500
1016501
1016527
1016528
1016590
1016608
1016609
1016611
1016639
1016640
1016661
1016662
1016663
1016664
1016714
1016748
1016917
1016970
1017034
1017035
1017036
1017037
1017116
1017239
1017241
1017337
1017338
1017339
1017340
1017398
1017477
1017478
1017479
1017482
1017483
1017500
1017547
1017548
1017687
1017689
1017696
1017697
1017699
1017700
1017701
1017702
1017894
1017895
1017896
1017971
1017972
1017980
1017981
1018002
1018003
1018034
1018035
1018036
1018086
1018088
1018089
1018090
1018091
1018105
1018129
1018130
1018131
1018132
1018160
1018161
1018176
1018177
1018253
1018254
1018255
1018256
1018282
1018283
1018379
1018380
1018381
1018382
1018600
1018678
1018679
1018685
1018729
1018730
1018733
1018734
1018735
1018736
1018808
1018910
1018911
1018935
1018937
1018938
1018985
1018986
1018987
1019126
1019127
1019128
1019155
1019215
1019360
1019362
1019377
1019378
1019379
1019380
1019492
1019502
1019515
1019568
1019699
1019700
1019701
1019896
1019897
1019957
1019958
1020116
1020117
1020191
1020192
1020204
1020205
1020206
1020207
1020208
1020241
1020242
1020243
1020244
1020251
1020252
1020253
1020254
1020284
1020332
1020344
1020345
1020346
1020349
1020350
1020351
1020402
1020403
1020404
1020465
1020466
1020467
1020468
1020533
1020534
1020535
1020609
1020610
1020611
1020674
1020696
1020697
1020698
1020699
1020792
1020793
1020833
1020834
1020840
1020841
1020842
1020871
1020872
1020873
1020898
1020899
1020900
1020901
1020923
1020924
1020925
1020954
1021072
1021075
1021108
1021136
1021138
1021139
1021140
1021141
1021194
1021201
1021202
1021203
1021220
1021221
1021222
1021258
1021284
1021381
1021382
1021383
1021384
1021397
1021398
1021399
1021400
1021401
1021433
1021434
1021479
1021480
1021481
1021489
1021490
1021516
1021517
1021518
1021604
1021639
1021640
1021691
1021692
1021742
1021744
1021749
1021895
1021896
1021915
1021916
1021917
1021918
1021919
1021935
1021937
1021938
1021939
1021951
1021952
1021953
1021955
1021956
1021957
1021958
1021979
1021980
1021995
1021997
1021998
1022000
1022001
1022002
1022003
1022054
1022077
1022079
1022095
1022096
1022097
1022099
1022100
1022134
1022135
1022239
1022240
1022267
1022300
1022369
1022486
1022487
1022650
1022651
1022652
1022780
1022781
1022782
1022783
1022842
1022843
1022849
1022864
1022983
1022984
1022985
1022986
1023024
1023025
1023026
1023034
1023086
1023090
1023091
1023150
1023151
1023168
1023170
1023171
1023212
1023254
1023255
1023258
1023259
1023260
1023293
1023294
1023298
1023299
1023325
1023326
1023329
1023343
1023344
1023345
1023346
1023443
1023445
1023446
1023452
1023453
1023564
1023565
1023566
1023590
1023591
1023603
1023612
1023614
1023626
1023675
1023676
1023678
1023703
1023704
1023705
1023750
1023751
1023752
1023759
1023760
1023781
1023820
1023822
1023901
1023902
1023904
1023905
1023938
1023939
1023940
1023975
1023976
1024028
1024029
1024030
1024040
1024042
1024069
1024070
1024102
1024168
1024169
1024170
1024171
1024173
1024174
1024175
1024176
1024221
1024223
1024248
1024249
1024250
1024251
1024256
1024277
1024278
1024296
1024395
1024396
1024397
1024437
1024438
1024439
1024440
1024464
1024473
1024474
1024516
1024517
1024518
1024540
1024543
1024544
1024560
1024578
1024579
1024580
1024594
1024605
1024606
1024614
1024615
1024616
1024621
1024652
1024653
1024654
1024655
1024685
1024686
1024687
1024688
1024701
1024702
1024809
1024810
1024815
1024817
1024818
1024819
1024820
1024821
1024889
1024890
1024893
1024894
1024895
1024905
1024907
1024908
1024921
1024946
1024965
1024974
1024975
1025000
1025001
1025050
1025054
1025071
1025085
1025086
1025103
1025104
1025105
1025106
1025130
1025131
1025132
1025134
1025155
1025172
1025173
1025174
1025176
1025194
1025205
1025206
1025207
1025213
1025214
1025242
1025243
1025245
1025247
1025306
1025316
1025317
1025331
1025332
1025357
1025358
1025359
1025367
1025383
1025386
1025387
1025391
1025403
1025404
1025460
1025461
1025462
1025463
1025476
1025484
1025512
1025513
1025520
1025521
1025530
1025531
1025532
1025536
1025538
1025540
1025541
1025554
1025555
1025573
1025587
1025612
1025630
1025634
1025635
1025640
1026033
1026034
1026035
1026230
1026260
1026274
1026300
1026301
1026320
1026779
1026780
1026781
1026782
1026789
1026791
1026793
1026794
1026910
1026947
1026948
1027007
1027008
1027035
1027371
1027372
1027383
1027384
1027385
1027388
1027390
1027391
1027409
1027440
1027441
1027466
1027467
1027529
1027530
1027553
1027576
1027577
1027652
1027759
1027760
1027788
1027789
1027790
1027791
1027792
1027810
1027811
1027918
1027938
1027939
1027940
1027941
1027961
1027962
1027963
1027973
1027974
1028012
1028013
1028112
1028152
1028153
1028154
1028163
1028164
1028165
1028166
1028288
1028295
1028471
1028491
1028493
1028496
1028501
1028502
1028503
1028514
1028517
1028518
1028522
1028524
1028527
1028528
1028541
1028569
1028570
1028572
1028590
1028661
1028662
1028663
1028664
1028667
1028669
1028670
1028677
1028695
1028696
1028697
1028698
1028728
1028729
1028747
1028749
1028905
1028914
1028915
1028916
1028982
1028983
1029018
1029019
1029020
1029021
1029131
1029132
1029176
1029178
1029304
1029330
1029331
1029333
1029373
1029445
1029446
1029466
1029467
1029503
1029504
1029523
1029524
1029525
1029526
1029552
1029553
1029677
1029709
1029710
1029711
1029712
1029754
1029755
1029796
1029832
1029834
1029835
1029836
1029837
1029859
1029956
1029997
1029998
1029999
1030008
1030009
1030010
1030011
1030016
1030017
1030021
1030043
1030057
1030070
1030073
1030094
1030095
1030096
1030143
1030170
1030359
1030360
1030361
1030466
1030485
1030487
1030488
1030511
1030515
1030516
1030517
1030594
1030595
1030596
1030597
1030634
1030648
1030651
1030652
1030672
1030694
1030695
1030696
1030704
1030705
1030707
1030709
1030710
1030746
1030747
1030749
1030757
1030758
1030764
1030770
1030789
1030790
1030802
1030849
1030862
1030868
1030870
1030901
1030902
1030903
1030907
1030908
1030909
1030912
1030913
1030914
1030915
1030923
1030924
1030926
1030927
1030937
1030938
1030979
1030981
1030982
1030983
1030999
1031001
1031002
1031016
1031027
1031064
1031071
1031072
1031077
1031078
1031101
1031103
1031104
1031120
1031123
1031125
1031131
1031133
1031174
1031175
1031198
1031200
1031202
1031208
1031211
1031223
1031235
1031236
1031259
1031260
1031261
1031264
1031271
1031275
1031278
1031279
1031280
1031289
1031290
1031293
1031324
1031335
1031336
1031337
1031359
1031360
1031383
1031384
1031385
1031409
1031410
1031427
1031470
1031471
1031472
1031476
1031477
1031488
1031489
1031493
1031494
1031497
1031500
1031524
1031525
1031526
1031527
1031530
1031532
1031562
1031563
1031564
1031565
1031567
1031579
1031580
1031581
1031612
1031613
1031641
1031643
1031644
1031648
1031670
1031712
1031713
1031717
1031718
1031732
1031736
1031737
1031750
1031751
1031808
1031835
1031919
1031920
1031921
1031940
1031942
1031943
1031944
1031984
1031996
1031997
1032004
1032045
1032046
1032065
1032067
1032068
1032108
1032109
1032114
1032115
1032142
1032168
1032172
1032173
1032188
1032189
1032191
1032224
1032225
1032226
1032245
1032265
1032279
1032280
1032281
1032282
1032299
1032300
1032301
1032302
1032363
1032382
1032445
1032446
1032505
1032541
1032542
1032543
1032550
1032562
1032563
1032576
1032585
1032586
1032587
1032605
1032606
1032617
1032618
1032619
1032654
1032655
1032665
1032666
1032680
1032681
1032682
1032693
1032703
1032736
1032737
1032738
1032739
1032752
1032753
1032754
1032832
1032833
1032834
1032884
1032913
1032921
1032975
1032976
1032977
1032995
1032996
1033027
1033035
1033038
1033058
1033059
1033060
1033084
1033146
1033147
1033148
1033242
1033266
1033298
1033302
1033347
1033348
1033349
1033366
1033368
1033369
1033370
1033419
1033424
1033462
1033463
1033473
1033474
1033475
1033476
1033529
1033573
1033857
1033934
1033935
1033950
1033967
1033986
1034009
1034010
1034080
1034097
1034098
1034099
1034102
1034103
1034127
1034128
1034129
1034146
1034147
1034148
1034190
1034191
1034239
1034243
1034270
1034271
1034272
1034287
1034315
1034316
1034362
1034364
1034365
1034394
1034397
1034399
1034431
1034447
1034484
1034580
1034581
1034582
1034583
1034587
1034588
1034623
1034624
1034625
1034628
1034665
1034678
1034679
1034680
1034683
1034721
1034722
1034782
1034783
1034787
1034788
1034835
1034879
1034915
1034928
1034958
1034962
1034963
1035028
1035029
1035030
1035031
1035032
1035039
1035040
1035052
1035053
1035054
1035055
1035088
1035099
1035127
1035142
1035166
1035177
1035178
1035179
1035180
1035199
1035225
1035241
1035286
1035287
1035317
1035321
1035322
1035323
1035334
1035335
1035414
1035451
1035462
1035469
1035723
1035725
1035726
1035856
1035899
1035900
1035901
1035957
1035958
1035959
1035960
1036001
1036002
1036021
1036022
1036023
1036024
1036123
1036124
1036125
1036126
1036306
1036307
1036309
1036311
1036312
1036434
1036435
1036436
1036438
1036479
1036517
1036618
1036619
1036622
1036690
1036712
1036782
1036784
1036855
1036857
1036858
1036950
1036951
1036953
1036955
1037012
1037097
1037112
1037166
1037288
1037318
1037320
1037321
1037347
1037348
1037383
1037432
1037433
1037545
1037546
1037547
1037574
1037636
1037656
1037657
1037658
1037659
1037663
1037664
1037665
1037666
1037684
1037685
1037686
1037687
1037688
1037705
1037710
1037747
1037748
1037776
1037821
1037822
1037826
1037862
1037863
1037872
1037892
1037893
1037899
1037900
1037901
1037913
1037915
1037943
1037944
1037985
1037986
1037987
1037988
1038029
1038030
1038055
1038070
1038100
1038101
1038102
1038103
1038170
1038171
1038177
1038178
1038180
1038206
1038236
1038283
1038284
1038285
1038299
1038393
1038394
1038395
1038407
1038408
1038417
1038447
1038448
1038449
1038450
1038527
1038612
1038613
1038614
1038627
1038628
1038629
1038698
1038699
1038700
1038725
1038731
1038732
1038733
1038792
1038793
1038806
1038818
1038835
1038836
1038837
1038852
1038853
1038864
1038865
1038868
1038871
1038881
1038883
1038884
1038989
1038990
1038991
1039015
1039016
1039071
1039072
1039073
1039081
1039082
1039089
1039090
1039106
1039172
1039173
1039174
1039175
1039357
1039358
1039359
1039367
1039368
1039369
1039539
1039540
1039541
1039543
1039544
1039585
1039587
1039588
1039589
1039599
1039600
1039601
1039648
1039649
1039650
1039651
1039671
1039672
1039673
1039674
1039686
1039687
1039726
1039727
1039788
1039842
1039849
1039872
1039873
1039874
1039875
1039924
1039925
1039926
1039938
1039939
1040040
1040041
1040042
1040075
1040076
1040077
1040124
1040125
1040127
1040162
1040163
1040164
1040165
1040196
1040197
1040213
1040226
1040263
1040264
1040265
1040274
1040275
1040319
1040320
1040355
1040356
1040359
1040360
1040361
1040365
1040367
1040368
1040387
1040390
1040401
1040402
1040428
1040429
1040430
1040472
1040473
1040566
1040638
1040709
1040727
1040728
1040755
1040758
1040779
1040803
1040805
1040814
1040853
1040854
1040856
1040861
1040874
1040895
1040896
1040959
1040964
1040965
1040966
1040977
1040997
1041028
1041029
1041030
1041031
1041057
1041058
1041059
1041060
1041067
1041068
1041069
1041073
1041092
1041093
1041094
1041096
1041097
1041099
1041117
1041119
1041121
1041127
1041128
1041156
1041157
1041223
1041227
1041248
1041249
1041250
1041260
1041261
1041262
1041298
1041299
1041377
1041378
1041400
1041403
1041427
1041430
1041448
1041465
1041496
1041525
1041527
1041613
1041614
1041618
1041619
1041620
1041621
1041623
1041624
1041625
1041658
1041716
1041717
1041718
1041720
1041721
1041723
1041724
1041725
1041726
1041739
1041742
1041743
1041744
1041757
1041758
1041759
1041787
1041885
1041886
1041901
1041903
1041917
1041973
1041974
1041975
1041976
1042010
1042011
1042013
1042018
1042019
1042020
1042021
1042025
1042042
1042043
1042073
1042101
1042111
1042146
1042157
1042158
1042159
1042160
1042164
1042165
1042167
1042191
1042195
1042226
1042227
1042233
1042234
1042235
1042252
1042253
1042256
1042257
1042259
1042267
1042268
1042269
1042312
1042347
1042360
1042423
1042438
1042514
1042515
1042516
1042517
1042534
1042535
1042536
1042564
1042565
1042566
1042571
1042594
1042595
1042601
1042602
1042604
1042630
1042631
1042632
1042633
1042644
1042645
1042649
1042650
1042651
1042652
1042678
1042679
1042703
1042704
1042750
1042753
1042771
1042775
1042793
1042794
1042795
1042796
1042806
1042830
1042847
1042848
1042869
1042870
1042871
1042872
1042901
1042902
1042953
1042954
1042955
1042984
1042985
1043004
1043005
1043040
1043080
1043101
1043102
1043107
1043108
1043112
1043133
1043134
1043201
1043228
1043229
1043237
1043238
1043239
1043240
1043257
1043258
1043259
1043347
1043372
1043376
1043411
1043412
1043518
1043587
1043588
1043589
1043590
1043599
1043600
1043601
1043633
1043634
1043635
1043651
1043652
1043653
1043654
1043674
1043708
1043710
1043711
1043712
1043713
1043738
1043764
1043766
1043818
1043819
1043829
1043830
1043831
1043852
1043854
1043887
1043905
1043906
1043941
1043942
1043943
1043944
1043968
1043989
1043990
1044020
1044021
1044061
1044064
1044065
1044066
1044101
1044103
1044125
1044126
1044133
1044232
1044272
1044292
1044324
1044325
1044341
1044386
1044387
1044388
1044406
1044433
1044434
1044444
1044446
1044447
1044465
1044466
1044467
1044468
1044545
1044546
1044556
1044621
1044622
1044623
1044624
1044631
1044636
1044656
1044691
1044694
1044695
1044704
1044705
1044730
1044751
1044757
1044758
1044767
1044768
1044769
1044770
1044892
1044897
1044898
1044899
1044900
1044930
1044938
1044939
1044940
1044941
1044984
1044985
1044987
1044988
1044989
1044990
1044998
1044999
1045000
1045002
1045022
1045023
1045128
1045129
1045130
1045180
1045197
1045271
1045340
1045341
1045381
1045410
1045412
1045488
1045489
1045628
1045671
1045672
1045673
1045674
1045726
1045727
1045759
1045761
1045804
1045805
1045858
1045859
1045861
1045862
1045944
1045946
1045947
1046071
1046102
1046103
1046104
1046105
1046171
1046172
1046173
1046174
1046177
1046178
1046218
1046219
1046220
1046231
1046250
1046285
1046286
1046287
1046305
1046306
1046307
1046331
1046355
1046365
1046366
1046367
1046368
1046386
1046387
1046433
1046434
1046451
1046461
1046462
1046463
1046465
1046493
1046494
1046496
1046610
1046611
1046612
1046632
1046633
1046722
1046723
1046752
1046775
1046776
1046782
1046784
1046878
1046879
1046880
1046881
1046884
1046885
1046887
1047055
1047056
1047057
1047058
1047068
1047069
1047071
1047072
1047078
1047079
1047080
1047081
1047085
1047086
1047087
1047116
1047126
1047141
1047146
1047147
1047181
1047182
1047195
1047269
1047270
1047272
1047273
1047274
1047276
1047292
1047365
1047366
1047390
1047423
1047424
1047425
1047448
1047602
1047603
1047604
1047659
1047660
1047661
1047818
1047822
1047823
1047949
1047958
1048006
1048007
1048008
1048014
1048015
1048016
1048020
1048021
1048067
1048068
1048076
1048077
1048078
1048089
1048098
1048117
1048118
1048157
1048176
1048177
1048200
1048205
1048231
1048232
1048239
1048240
1048269
1048270
1048271
1048272
1048282
1048283
1048284
1048300
1048349
1048350
1048351
1048368
1048369
1048370
1048377
1048378
1048398
1048400
1048401
1048412
1048435
1048459
1048481
1048482
1048483
1048484
1048519
1048534
1048535
1048590
1048629
1048653
1048686
1048687
1048697
1048747
1048748
1048786
1048787
1048788
1048789
1048816
1048817
1048818
1048819
1048840
1048841
1048849
1048850
1048851
1048893
1048894
1048895
1048896
1048915
1048921
1048926
1048988
1048990
1049009
1049010
1049023
1049024
1049038
1049093
1049094
1049095
1049096
1049138
1049139
1049147
1049160
1049163
1049164
1049182
1049192
1049195
1049226
1049249
1049250
1049292
1049293
1049294
1049295
1049299
1049300
1049310
1049311
1049335
1049336
1049426
1049427
1049448
1049450
1049451
1049452
1049476
1049490
1049495
1049496
1049498
1049509
1049510
1049518
1049519
1049521
1049522
1049523
1049524
1049594
1049595
1049597
1049598
1049599
1049600
1049604
1049605
1049635
1049636
1049679
1049680
1049689
1049757
1049758
1049771
1049776
1049779
1049804
1049806
1049807
1049808
1049809
1049815
1049816
1049817
1049834
1049866
1049867
1049869
1049870
1049871
1049897
1049898
1049941
1049942
1049954
1049955
1049956
1049957
1049974
1050040
1050041
1050042
1050043
1050046
1050055
1050056
1050061
1050064
1050067
1050093
1050094
1050095
1050193
1050194
1050206
1050482
1050483
1050484
1050536
1050537
1050541
1050542
1050543
1050588
1050589
1050705
1050819
1050953
1050954
1050999
1051000
1051001
1051171
1051181
1051270
1051322
1051323
1051324
1051325
1051331
1051332
1051333
1051495
1051503
1051504
1051505
1051509
1051510
1051556
1051557
1051558
1051598
1051786
1051787
1051788
1051799
1051800
1051801
1051802
1051907
1051969
1051970
1051971
1052033
1052034
1052040
1052043
1052047
1052048
1052050
1052055
1052084
1052085
1052086
1052091
1052092
1052093
1052138
1052147
1052158
1052159
1052160
1052162
1052163
1052164
1052173
1052175
1052176
1052201
1052202
1052203
1052231
1052232
1052243
1052266
1052273
1052289
1052291
1052315
1052317
1052318
1052329
1052330
1052334
1052335
1052350
1052351
1052379
1052380
1052444
1052445
1052447
1052448
1052473
1052474
1052484
1052485
1052486
1052487
1052489
1052505
1052506
1052514
1052540
1052541
1052543
1052544
1052545
1052546
1052589
1052616
1052617
1052631
1052649
1052665
1052672
1052673
1052674
1052682
1052773
1052774
1052775
1052791
1052792
1052793
1052795
1052870
1052871
1052872
1052899
1052900
1052917
1052918
1052919
1052929
1052930
1052931
1052932
1052974
1052975
1052992
1052993
1052994
1052995
1053006
1053008
1053027
1053028
1053052
1053053
1053054
1053055
1053061
1053068
1053069
1053070
1053115
1053116
1053125
1053177
1053179
1053180
1053181
1053243
1053244
1053245
1053251
1053254
1053277
1053278
1053279
1053284
1053326
1053379
1053444
1053445
1053457
1053486
1053502
1053504
1053505
1053506
1053571
1053572
1053617
1053636
1053638
1053696
1053697
1053744
1053745
1053841
1053847
1053849
1053850
1053858
1053859
1053893
1053936
1053946
1053953
1053954
1053956
1053990
1054006
1054007
1054008
1054009
1054039
1054040
1054041
1054042
1054045
1054050
1054051
1054138
1054139
1054141
1054142
1054166
1054167
1054168
1054169
1054193
1054194
1054202
1054203
1054204
1054266
1054267
1054309
1054336
1054337
1054338
1054349
1054350
1054370
1054372
1054382
1054383
1054384
1054404
1054412
1054426
1054483
1054484
1054485
1054510
1054511
1054512
1054513
1054537
1054539
1054550
1054555
1054556
1054577
1054578
1054599
1054666
1054713
1054751
1054808
1054809
1054810
1054814
1054815
1054816
1054846
1054870
1054881
1054935
1054937
1054938
1054940
1054963
1054973
1054975
1054991
1054993
1054996
1055011
1055012
1055015
1055017
1055018
1055019
1055030
1055048
1055075
1055078
1055079
1055087
1055089
1055194
1055195
1055258
1055259
1055269
1055295
1055339
1055358
1055359
1055360
1055361
1055420
1055422
1055426
1055429
1055430
1055431
1055432
1055454
1055472
1055478
1055490
1055491
1055492
1055493
1055513
1055514
1055546
1055547
1055570
1055571
1055589
1055592
1055601
1055602
1055603
1055604
1055625
1055633
1055634
1055647
1055648
1055673
1055723
1055724
1055739
1055740
1055796
1055798
1055805
1055806
1055808
1055821
1055824
1055825
1055826
1055829
1055830
1055834
1055835
1055839
1055840
1055866
1055867
1055874
1055875
1055882
1055883
1055884
1055885
1055892
1055893
1055894
1055895
1055952
1055953
1055954
1055978
1055979
1055983
1056001
1056002
1056006
1056010
1056050
1056051
1056077
1056078
1056096
1056098
1056124
1056168
1056219
1056220
1056239
1056242
1056263
1056264
1056265
1056317
1056318
1056319
1056320
1056328
1056329
1056330
1056363
1056399
1056427
1056428
1056429
1056430
1056494
1056495
1056510
1056511
1056512
1056527
1056528
1056529
1056555
1056569
1056570
1056571
1056576
1056607
1056608
1056609
1056614
1056640
1056641
1056642
1056643
1056656
1056657
1056658
1056672
1056673
1056707
1056708
1056711
1056731
1056739
1056746
1056758
1056759
1056760
1056792
1056793
1056808
1056809
1056828
1056829
1056830
1056833
1056836
1056924
1056951
1057014
1057015
1057017
1057068
1057072
1057096
1057097
1057117
1057161
1057163
1057201
1057227
1057245
1057247
1057269
1057270
1057309
1057339
1057340
1057341
1057343
1057571
1057574
1057589
1057590
1057685
1057704
1057712
1057786
1057868
1057869
1057870
1057871
1057980
1058098
1058099
1058100
1058105
1058109
1058110
1058118
1058152
1058153
1058186
1058187
1058188
1058241
1058246
1058289
1058294
1058295
1058315
1058316
1058320
1058326
1058327
1058349
1058350
1058358
1058359
1058361
1058362
1058363
1058367
1058368
1058387
1058388
1058444
1058474
1058529
1058530
1058531
1058532
1058548
1058549
1058550
1058551
1058574
1058594
1058636
1058674
1058675
1058713
1058714
1058822
1058823
1058824
1058825
1058852
1058853
1058961
1058962
1058970
1058971
1058972
1058981
1058982
1058983
1058992
1058996
1058997
1059052
1059053
1059085
1059086
1059106
1059107
1059108
1059133
1059136
1059150
1059151
1059152
1059160
1059161
1059162
1059163
1059165
1059166
1059167
1059168
1059184
1059185
1059238
1059330
1059331
1059382
1059425
1059426
1059478
1059481
1059551
1059552
1059553
1059566
1059582
1059610
1059621
1059648
1059688
1059689
1059698
1059734
1059735
1059932
1059933
1059968
1059969
1059970
1059971
1060070
1060072
1060073
1060098
1060099
1060101
1060102
1060112
1060142
1060273
1060278
1060281
1060293
1060301
1060303
1060339
1060342
1060385
1060473
1060474
1060475
1060487
1060524
1060525
1060526
1060634
1060671
1060683
1060684
1060685
1060731
1060781
1060782
1060784
1060816
1060829
1060850
1060851
1060872
1060965
1060988
1061011
1061033
1061034
1061053
1061054
1061061
1061062
1061063
1061075
1061125
1061174
1061175
1061176
1061177
1061195
1061211
1061212
1061303
1061304
1061305
1061324
1061342
1061359
1061360
1061361
1061362
1061367
1061385
1061386
1061438
1061474
1061475
1061476
1061478
1061531
1061567
1061568
1061569
1061608
1061609
1061610
1061628
1061693
1061741
1061742
1061743
1061744
1061761
1061762
1061795
1061796
1061838
1061940
1061947
1061948
1061974
1061994
1061995
1062020
1062026
1062048
1062049
1062064
1062065
1062066
1062067
1062094
1062145
1062150
1062169
1062206
1062208
1062218
1062257
1062258
1062270
1062347
1062348
1062441
1062442
1062443
1062468
1062553
1062555
1062556
1062597
1062598
1062612
1062613
1062632
1062657
1062658
1062659
1062685
1062686
1062687
1062688
1062704
1062705
1062706
1062709
1062710
1062711
1062712
1062714
1062715
1062716
1062738
1062739
1062740
1062742
1062743
1062744
1062745
1062823
1062824
1062825
1062859
1062860
1062861
1062862
1062865
1062866
1062867
1062892
1062910
1062932
1062933
1062994
1062996
1063040
1063043
1063069
1063097
1063098
1063099
1063100
1063136
1063139
1063140
1063141
1063144
1063160
1063175
1063176
1063177
1063194
1063195
1063196
1063197
1063278
1063279
1063280
1063305
1063307
1063308
1063310
1063312
1063366
1063367
1063368
1063369
1063427
1063428
1063429
1063431
1063432
1063433
1063434
1063459
1063460
1063498
1063499
1063502
1063534
1063535
1063607
1063608
1063631
1063632
1063633
1063641
1063660
1063680
1063681
1063682
1063683
1063724
1063737
1063738
1063804
1063807
1063848
1063925
1063926
1063956
1063957
1063980
1063982
1064072
1064073
1064074
1064122
1064123
1064130
1064184
1064185
1064186
1064187
1064220
1064221
1064222
1064223
1064225
1064226
1064236
1064264
1064277
1064279
1064280
1064281
1064304
1064305
1064306
1064321
1064332
1064333
1064334
1064342
1064345
1064430
1064432
1064433
1064539
1064619
1064620
1064621
1064672
1064673
1064691
1064692
1064724
1064734
1064754
1064756
1064757
1064768
1064840
1064841
1064842
1064869
1064873
1064874
1064905
1064906
1064907
1064908
1064960
1064972
1064998
1065024
1065025
1065026
1065072
1065086
1065087
1065097
1065142
1065143
1065144
1065156
1065160
1065161
1065169
1065170
1065207
1065208
1065246
1065247
1065249
1065285
1065286
1065287
1065327
1065329
1065386
1065389
1065410
1065412
1065423
1065468
1065469
1065473
1065475
1065498
1065499
1065500
1065501
1065560
1065609
1065610
1065640
1065641
1065642
1065644
1065645
1065689
1065690
1065742
1065743
1065773
1065864
1065943
1065978
1065979
1066024
1066025
1066063
1066064
1066108
1066149
1066150
1066151
1066152
1066173
1066174
1066175
1066276
1066277
1066278
1066286
1066287
1066288
1066295
1066296
1066332
1066353
1066356
1066357
1066367
1066419
1066421
1066488
1066491
1066508
1066541
1066572
1066573
1066586
1066592
1066596
1066635
1066636
1066637
1066683
1066709
1066728
1066729
1066745
1066746
1066788
1066803
1066804
1066805
1066839
1066873
1066875
1066891
1066892
1066929
1066930
1066931
1066946
1066947
1066948
1066995
1066996
1066997
1066998
1067001
1067002
1067003
1067015
1067016
1067017
1067018
1067042
1067054
1067055
1067064
1067066
1067093
1067094
1067142
1067143
1067180
1067207
1067296
1067299
1067300
1067320
1067321
1067322
1067323
1067342
1067343
1067344
1067349
1067350
1067351
1067390
1067394
1067395
1067401
1067402
1067446
1067447
1067459
1067460
1067461
1067465
1067466
1067495
1067497
1067509
1067522
1067523
1067550
1067551
1067552
1067596
1067602
1067603
1067604
1067605
1067613
1067614
1067654
1067655
1067674
1067675
1067687
1067688
1067689
1067690
1067698
1067710
1067711
1067718
1067719
1067722
1067781
1067827
1067865
1067902
1067908
1067909
1067947
1067948
1067949
1067957
1067959
1067960
1067961
1067992
1068011
1068012
1068014
1068015
1068072
1068073
1068102
1068103
1068189
1068190
1068216
1068217
1068218
1068219
1068225
1068227
1068233
1068234
1068266
1068267
1068268
1068269
1068298
1068299
1068300
1068323
1068324
1068325
1068351
1068352
1068369
1068370
1068371
1068373
1068374
1068376
1068377
1068384
1068394
1068421
1068424
1068425
1068426
1068455
1068456
1068464
1068465
1068466
1068467
1068516
1068517
1068523
1068559
1068571
1068572
1068573
1068574
1068630
1068646
1068657
1068682
1068683
1068706
1068707
1068708
1068711
1068731
1068732
1068738
1068775
1068776
1068777
1068778
1068792
1068794
1068795
1068800
1068801
1068802
1068803
1068815
1068816
1068817
1068818
1068849
1068858
1068870
1068896
1068897
1068899
1068901
1068904
1068946
1068947
1068948
1068978
1068979
1069151
1069152
1069177
1069178
1069179
1069316
1069317
1069318
1069369
1069393
1069394
1069532
1069565
1069581
1069582
1069583
1069584
1069647
1069648
1069682
1069683
1069684
1069699
1069700
1069720
1069721
1069722
1069739
1069740
1069862
1069869
1069871
1069872
1069909
1069910
1069911
1069935
1069936
1069937
1069985
1070063
1070064
1070157
1070158
1070161
1070162
1070220
1070230
1070231
1070232
1070233
1070245
1070246
1070247
1070251
1070252
1070275
1070294
1070329
1070330
1070371
1070372
1070373
1070377
1070378
1070379
1070441
1070546
1070574
1070575
1070603
1070669
1070670
1070671
1070734
1070735
1070799
1070821
1070822
1070855
1070934
1070935
1070936
1070937
1071014
1071022
1071063
1071064
1071065
1071088
1071099
1071100
1071140
1071141
1071142
1071143
1071180
1071181
1071182
1071183
1071215
1071216
1071217
1071226
1071227
1071247
1071271
1071272
1071273
1071276
1071300
1071342
1071343
1071344
1071354
1071355
1071368
1071369
1071385
1071388
1071389
1071400
1071401
1071402
1071440
1071458
1071459
1071460
1071461
1071516
1071517
1071570
1071571
1071572
1071637
1071638
1071639
1071653
1071654
1071660
1071661
1071662
1071663
1071704
1071705
1071750
1071810
1071811
1071822
1071917
1071918
1071929
1071930
1072062
1072064
1072065
1072109
1072110
1072111
1072112
1072127
1072128
1072129
1072130
1072151
1072152
1072153
1072210
1072211
1072253
1072254
1072255
1072327
1072328
1072334
1072355
1072356
1072357
1072442
1072443
1072444
1072445
1072532
1072583
1072585
1072586
1072587
1072588
1072589
1072704
1072705
1072706
1072753
1072816
1072817
1072818
1072958
1072959
1072960
1072979
1073020
1073021
1073022
1073023
1073116
1073117
1073119
1073147
1073148
1073149
1073150
1073151
1073206
1073207
1073208
1073289
1073290
1073291
1073307
1073308
1073309
1073310
1073317
1073318
1073319
1073320
1073344
1073356
1073404
1073479
1073480
1073818
1073819
1073829
1073830
1073831
1073872
1073873
1073874
1073875
1073893
1074076
1074078
1074087
1074088
1074089
1074090
1074124
1074125
1074139
1074173
1074174
1074216
1074244
1074259
1074260
1074261
1074292
1074293
1074296
1074297
1074300
1074302
1074303
1074317
1074348
1074349
1074416
1074424
1074425
1074426
1074427
1074496
1074497
1074516
1074517
1074556
1074557
1074598
1074599
1074600
1074686
1074886
1074887
1074888
1074902
1074903
1074904
1074947
1074948
1075070
1075072
1075073
1075183
1075184
1075185
1075186
1075246
1075249
1075259
1075260
1075291
1075292
1075293
1075294
1075410
1075412
1075413
1075449
1075484
1075607
1075608
1075896
1075897
1075898
1075996
1076053
1076054
1076094
1076095
1076096
1076122
1076155
1076156
1076157
1076158
1076169
1076171
1076178
1076194
1076205
1076206
1076248
1076249
1076250
1076251
1076267
1076268
1076291
1076292
1076293
1076364
1076378
1076379
1076380
1076381
1076420
1076421
1076515
1076516
1076543
1076552
1076553
1076554
1076555
1076579
1076598
1076599
1076685
1076769
1076770
1076771
1077049
1077050
1077115
1077116
1077124
1077136
1077170
1077205
1077288
1077289
1077290
1077308
1077309
1077310
1077311
1077365
1077366
1077383
1077384
1077389
1077390
1077424
1077482
1077529
1077530
1077531
1077560
1077561
1077562
1077563
1077576
1077626
1077680
1077681
1077710
1077711
1077717
1077737
1077738
1077740
1077761
1077766
1077769
1077770
1077774
1077781
1077802
1077811
1077812
1077827
1077895
1077896
1077911
1077939
1077940
1077972
1078008
1078042
1078043
1078044
1078048
1078049
1078054
1078055
1078092
1078093
1078094
1078119
1078120
1078127
1078155
1078162
1078163
1078172
1078173
1078174
1078178
1078182
1078197
1078199
1078200
1078201
1078202
1078312
1078313
1078325
1078335
1078337
1078394
1078395
1078396
1078445
1078446
1078447
1078450
1078451
1078452
1078518
1078522
1078547
1078649
1078651
1078652
1078653
1078656
1078658
1078667
1078668
1078693
1078694
1078701
1078703
1078758
1078759
1078768
1078769
1078770
1078771
1078789
1078792
1078825
1078831
1078832
1078833
1078866
1078868
1078923
1078926
1078927
1078928
1078958
1078959
1078960
1078964
1078965
1078975
1078976
1078977
1078978
1079002
1079019
1079020
1079029
1079030
1079047
1079048
1079049
1079050
1079070
1079071
1079108
1079109
1079150
1079196
1079217
1079218
1079221
1079222
1079223
1079233
1079234
1079263
1079264
1079302
1079303
1079304
1079316
1079321
1079324
1079404
1079439
1079440
1079550
1079551
1079586
1079589
1079590
1079591
1079662
1079663
1079664
1079687
1079688
1079689
1079690
1079802
1079803
1079874
1079875
1079876
1079877
1079885
1079894
1079895
1079896
1079897
1079904
1079905
1079906
1079907
1079929
1079930
1080141
1080142
1080357
1080358
1080433
1080434
1080493
1080494
1080495
1080496
1080539
1080540
1080541
1080542
1080573
1080575
1080606
1080607
1080618
1080619
1080629
1080630
1080669
1080680
1080681
1080682
1080694
1080784
1080785
1080812
1080819
1080820
1080821
1080851
1080852
1080880
1080929
1080930
1080931
1080942
1080943
1080970
1080972
1080975
1080976
1080977
1081030
1081031
1081063
1081064
1081095
1081132
1081150
1081151
1081153
1081157
1081158
1081159
1081165
1081166
1081200
1081201
1081202
1081203
1081233
1081235
1081236
1081275
1081278
1081280
1081284
1081285
1081299
1081300
1081305
1081312
1081313
1081362
1081363
1081364
1081367
1081373
1081383
1081419
1081431
1081470
1081490
1081491
1081513
1081514
1081531
1081552
1081556
1081557
1081566
1081571
1081582
1081608
1081733
1081754
1081756
1081791
1081792
1081819
1081868
1081869
1081870
1081871
1081873
1081874
1081875
1081905
1081907
1081908
1081909
1081926
1081937
1081945
1082001
1082002
1082010
1082011
1082012
1082013
1082020
1082021
1082030
1082031
1082032
1082033
1082045
1082050
1082053
1082054
1082055
1082056
1082158
1082180
1082181
1082182
1082184
1082212
1082240
1082268
1082272
1082282
1082287
1082289
1082321
1082322
1082354
1082362
1082363
1082364
1082365
1082381
1082490
1082552
1082560
1082565
1082579
1082588
1082589
1082590
1082591
1082620
1082621
1082622
1082623
1082644
1082645
1082646
1082745
1082747
1082748
1082749
1082750
1082753
1082754
1082755
1082821
1082838
1082839
1082840
1082841
1082860
1082910
1082911
1082912
1082913
1082937
1082938
1082951
1082952
1082964
1082965
1083003
1083004
1083011
1083012
1083013
1083036
1083037
1083042
1083043
1083044
1083045
1083078
1083080
1083081
1083082
1083088
1083089
1083090
1083091
1083099
1083100
1083114
1083115
1083132
1083133
1083134
1083135
1083143
1083190
1083191
1083192
1083252
1083282
1083284
1083289
1083334
1083341
1083362
1083363
1083364
1083393
1083394
1083395
1083404
1083405
1083406
1083428
1083429
1083503
1083529
1083530
1083531
1083542
1083543
1083554
1083555
1083556
1083636
1083642
1083643
1083669
1083670
1083681
1083682
1083683
1083685
1083748
1083751
1083752
1083753
1083776
1083777
1083779
1083780
1083787
1083884
1083917
1083925
1083926
1083927
1083943
1083944
1083945
1083951
1083952
1083953
1083971
1083972
1083973
1083974
1083980
1083981
1083993
1083994
1083996
1083997
1084084
1084085
1084088
1084089
1084090
1084131
1084132
1084133
1084136
1084137
1084138
1084300
1084305
1084306
1084308
1084309
1084313
1084320
1084377
1084382
1084383
1084438
1084439
1084484
1084485
1084486
1084489
1084490
1084505
1084545
1084546
1084547
1084548
1084628
1084629
1084633
1084634
1084648
1084649
1084659
1084662
1084663
1084669
1084682
1084683
1084756
1084774
1084779
1084787
1084794
1084803
1084804
1084805
1084810
1084825
1084832
1084834
1084835
1084847
1084848
1084857
1084859
1084860
1084894
1084908
1084919
1084920
1084930
1084931
1084938
1084939
1084940
1084956
1084957
1084990
1084999
1085000
1085002
1085032
1085033
1085041
1085042
1085043
1085066
1085067
1085070
1085098
1085099
1085163
1085164
1085168
1085203
1085204
1085207
1085208
1085209
1085210
1085226
1085227
1085228
1085229
1085230
1085239
1085240
1085254
1085255
1085256
1085259
1085260
1085287
1085313
1085327
1085328
1085329
1085330
1085428
1085429
1085445
1085446
1085508
1085510
1085511
1085576
1085601
1085603
1085604
1085605
1085606
1085644
1085646
1085668
1085669
1085670
1085671
1085684
1085687
1085688
1085719
1085729
1085730
1085734
1085735
1085741
1085743
1085765
1085766
1085767
1085768
1085782
1085830
1085831
1085832
1085833
1085868
1085869
1085870
1085871
1085883
1085884
1085907
1085934
1085942
1085943
1085961
1085982
1085995
1086015
1086052
1086053
1086076
1086077
1086105
1086106
1086127
1086132
1086133
1086145
1086146
1086151
1086152
1086153
1086183
1086184
1086185
1086221
1086341
1086342
1086344
1086405
1086406
1086407
1086413
1086419
1086420
1086639
1086640
1086680
1086681
1086694
1086733
1086734
1086744
1086760
1086761
1086762
1086770
1086771
1086772
1086775
1086776
1086785
1086787
1086788
1086789
1086790
1086793
1086801
1086802
1086803
1086849
1086851
1086879
1086880
1086881
1086978
1086979
1086980
1087020
1087064
1087065
1087094
1087095
1087125
1087126
1087127
1087128
1087159
1087160
1087171
1087176
1087216
1087275
1087276
1087395
1087406
1087452
1087453
1087454
1087473
1087598
1087605
1087606
1087607
1087608
1087660
1087661
1087662
1087663
1087673
1087699
1087793
1087794
1087795
1087807
1087808
1087846
1087892
1087893
1087923
1087924
1087925
1087959
1087979
1087981
1087982
1087983
1087993
1088043
1088062
1088077
1088078
1088112
1088113
1088114
1088400
1088444
1088445
1088448
1088449
1088450
1088454
1088462
1088463
1088470
1088472
1088519
1088521
1088536
1088537
1088538
1088539
1088590
1088593
1088594
1088598
1088661
1088687
1088688
1088692
1088693
1088748
1088749
1088755
1088756
1088893
1088894
1088895
1088898
1088901
1088904
1088915
1088916
1088917
1088918
1088943
1088945
1088956
1088957
1088958
1088959
1089011
1089012
1089013
1089052
1089101
1089157
1089158
1089178
1089195
1089196
1089197
1089278
1089279
1089280
1089327
1089328
1089371
1089372
1089373
1089388
1089395
1089396
1089397
1089454
1089485
1089488
1089490
1089496
1089521
1089522
1089532
1089535
1089536
1089609
1089610
1089611
1089653
1089656
1089657
1089658
1089694
1089695
1089696
1089697
1089698
1089743
1089744
1089746
1089747
1089854
1089855
1089856
1089963
1089964
1089965
1089988
1090023
1090024
1090025
1090052
1090053
1090081
1090119
1090126
1090127
1090128
1090129
1090241
1090259
1090296
1090307
1090368
1090428
1090429
1090430
1090431
1090461
1090462
1090485
1090486
1090496
1090497
1090498
1090499
1090524
1090525
1090526
1090527
1090585
1090587
1090588
1090589
1090590
1090623
1090625
1090626
1090627
1090628
1090670
1090678
1090679
1090729
1090730
1090731
1090763
1090764
1090767
1090768
1090779
1090781
1090782
1090790
1090791
1090803
1090804
1090826
1090827
1090836
1090861
1090862
1090863
1090864
1090908
1090930
1090931
1090932
1090971
1091033
1091034
1091061
1091083
1091132
1091133
1091156
1091197
1091198
1091211
1091250
1091251
1091252
1091294
1091333
1091334
1091367
1091368
1091369
1091370
1091390
1091391
1091392
1091430
1091431
1091432
1091433
1091437
1091438
1091449
1091450
1091451
1091454
1091455
1091486
1091488
1091489
1091552
1091607
1091609
1091641
1091643
1091645
1091646
1091647
1091648
1091707
1091753
1091803
1091804
1091806
1091823
1091826
1091861
1091862
1091863
1091933
1091964
1091965
1091967
1091968
1091984
1091985
1091986
1091987
1092033
1092034
1092045
1092109
1092110
1092111
1092115
1092116
1092147
1092148
1092163
1092164
1092192
1092193
1092222
1092224
1092255
1092271
1092272
1092324
1092325
1092331
1092332
1092333
1092343
1092344
1092346
1092347
1092351
1092352
1092353
1092377
1092378
1092379
1092380
1092434
1092435
1092458
1092459
1092470
1092492
1092495
1092496
1092498
1092500
1092501
1092553
1092554
1092555
1092556
1092603
1092605
1092606
1092610
1092623
1092624
1092625
1092636
1092637
1092641
1092659
1092678
1092679
1092680
1092695
1092696
1092697
1092749
1092750
1092794
1092795
1092849
1092850
1092851
1092862
1092863
1092864
1092865
1092895
1092896
1092956
1092957
1092958
1092992
1093003
1093016
1093019
1093039
1093040
1093041
1093054
1093057
1093073
1093107
1093126
1093183
1093184
1093185
1093186
1093211
1093212
1093213
1093223
1093224
1093225
1093250
1093251
1093306
1093324
1093392
1093406
1093409
1093411
1093413
1093414
1093415
1093438
1093465
1093466
1093467
1093497
1093499
1093515
1093516
1093528
1093538
1093549
1093550
1093551
1093605
1093607
1093615
1093659
1093665
1093666
1093689
1093690
1093691
1093692
1093726
1093727
1093728
1093729
1093773
1093774
1093775
1093783
1093784
1093787
1093788
1093789
1093815
1093816
1093817
1093818
1093830
1093831
1093856
1093890
1093981
1093982
1094003
1094021
1094040
1094077
1094078
1094107
1094216
1094217
1094281
1094298
1094299
1094300
1094355
1094357
1094359
1094419
1094478
1094552
1094553
1094590
1094591
1094748
1094855
1094856
1094857
1094900
1094901
1094903
1095023
1095034
1095035
1095148
1095149
1095150
1095151
1095194
1095195
1095327
1095328
1095329
1095351
1095353
1095406
1095418
1095481
1095482
1095485
1095637
1095638
1095639
1095640
1095664
1095665
1095682
1095683
1095797
1095798
1095799
1095895
1095896
1095912
1095913
1095914
1095961
1095962
1095964
1096133
1096139
1096141
1096166
1096167
1096194
1096195
1096196
1096319
1096320
1096321
1096322
1096515
1096516
1096623
1096691
1096692
1096711
1096712
1096721
1096751
1096821
1096822
1096975
1096976
1096977
1096980
1097066
1097067
1097152
1097153
1097154
1097177
1097178
1097257
1097258
1097270
1097327
1097335
1097370
1097371
1097372
1097373
1097388
1097389
1097390
1097409
1097547
1097548
1097549
1097550
1097559
1097560
1097587
1097619
1097654
1097655
1097667
1097668
1097669
1097678
1097695
1097712
1097713
1097714
1097728
1097729
1097863
1097864
1097918
1097934
1097935
1097936
1097951
1097952
1097953
1098070
1098071
1098139
1098140
1098141
1098143
1098144
1098164
1098165
1098166
1098180
1098181
1098203
1098293
1098352
1098354
1098355
1098425
1098426
1098428
1098429
1098430
1098461
1098462
1098487
1098488
1098508
1098527
1098528
1098529
1098587
1098590
1098594
1098595
1098596
1098693
1098694
1098718
1098760
1098761
1098803
1098805
1098806
1098835
1098836
1098855
1098899
1098907
1098908
1098909
1098910
1098913
1098969
1098993
1098994
1099034
1099035
1099036
1099037
1099059
1099102
1099103
1099123
1099124
1099125
1099172
1099174
1099175
1099214
1099215
1099216
1099228
1099232
1099301
1099305
1099378
1099380
1099381
1099382
1099383
1099477
1099478
1099501
1099549
1099550
1099552
1099553
1099554
1099559
1099591
1099596
1099597
1099598
1099636
1099637
1099638
1099639
1099642
1099643
1099644
1099675
1099689
1099690
1099694
1099695
1099716
1099717
1099819
1099829
1099830
1099841
1099901
1099916
1099937
1099939
1099940
1099941
1099966
1099967
1099980
1099981
1099982
1099984
1099997
1100012
1100020
1100021
1100045
1100046
1100047
1100164
1100165
1100178
1100183
1100184
1100216
1100269
1100270
1100271
1100293
1100295
1100327
1100335
1100336
1100375
1100379
1100380
1100432
1100434
1100504
1100567
1100568
1100569
1100570
1100638
1100639
1100640
1100730
1100731
1100744
1100793
1100794
1100795
1100828
1100843
1100878
1100908
1100918
1100919
1100925
1100927
1100929
1100930
1100946
1100947
1100948
1100952
1101063
1101064
1101065
1101066
1101072
1101073
1101108
1101111
1101152
1101153
1101160
1101163
1101181
1101182
1101202
1101220
1101221
1101231
1101256
1101257
1101258
1101264
1101265
1101266
1101353
1101451
1101466
1101467
1101468
1101469
1101524
1101526
1101527
1101536
1101537
1101538
1101539
1101601
1101661
1101694
1101709
1101710
1101751
1101763
1101770
1101771
1101832
1101833
1101834
1101865
1101901
1101918
1101919
1101920
1101927
1101963
1101998
1102007
1102008
1102009
1102054
1102056
1102057
1102104
1102105
1102106
1102107
1102112
1102129
1102130
1102163
1102164
1102165
1102205
1102206
1102238
1102239
1102240
1102241
1102261
1102268
1102269
1102290
1102292
1102293
1102380
1102388
1102389
1102390
1102402
1102403
1102404
1102405
1102421
1102422
1102423
1102424
1102433
1102502
1102521
1102522
1102531
1102532
1102533
1102534
1102562
1102591
1102592
1102611
1102612
1102613
1102695
1102696
1102697
1102795
1102819
1102830
1102832
1102833
1102836
1102915
1102916
1102917
1102966
1102977
1102978
1102979
1102980
1102983
1103033
1103082
1103083
1103084
1103134
1103135
1103156
1103157
1103158
1103179
1103180
1103252
1103311
1103312
1103313
1103314
1103326
1103348
1103361
1103362
1103363
1103365
1103366
1103367
1103373
1103397
1103398
1103429
1103433
1103448
1103449
1103450
1103550
1103552
1103554
1103555
1103615
1103631
1103632
1103633
1103634
1103652
1103653
1103654
1103655
1103666
1103667
1103683
1103685
1103686
1103695
1103696
1103704
1103705
1103715
1103716
1103717
1103722
1103723
1103724
1103729
1103730
1103731
1103733
1103768
1103769
1103801
1103802
1103803
1103885
1103886
1103899
1103901
1103953
1104010
1104016
1104017
1104026
1104066
1104108
1104113
1104123
1104124
1104125
1104126
1104162
1104163
1104164
1104196
1104197
1104224
1104250
1104253
1104258
1104259
1104374
1104375
1104401
1104417
1104418
1104426
1104443
1104470
1104471
1104472
1104473
1104509
1104510
1104522
1104535
1104536
1104537
1104538
1104540
1104541
1104542
1104607
1104610
1104613
1104667
1104668
1104695
1104696
1104825
1104869
1104875
1104876
1104877
1104881
1104882
1104915
1104916
1104971
1104972
1104973
1104976
1104985
1104987
1104988
1105056
1105057
1105077
1105078
1105113
1105161
1105162
1105163
1105215
1105216
1105221
1105222
1105223
1105248
1105249
1105277
1105279
1105282
1105283
1105284
1105296
1105297
1105298
1105299
1105318
1105319
1105359
1105375
1105393
1105394
1105407
1105410
1105423
1105445
1105475
1105476
1105477
1105517
1105518
1105519
1105520
1105537
1105538
1105539
1105540
1105547
1105549
1105550
1105580
1105581
1105582
1105609
1105610
1105611
1105636
1105674
1105675
1105676
1105686
1105693
1105747
1105758
1105759
1105761
1105783
1105784
1105798
1105799
1105800
1105802
1105803
1105804
1105829
1105836
1105838
1105865
1105866
1105867
1105868
1105890
1105920
1105921
1105922
1105946
1105983
1106025
1106026
1106027
1106028
1106054
1106064
1106131
1106132
1106142
1106166
1106167
1106181
1106182
1106239
1106256
1106257
1106317
1106318
1106321
1106353
1106354
1106358
1106359
1106360
1106361
1106391
1106421
1106444
1106446
1106447
1106448
1106449
1106490
1106491
1106492
1106493
1106512
1106513
1106578
1106579
1106588
1106614
1106615
1106616
1106617
1106629
1106636
1106720
1106759
1106850
1106851
1106867
1106868
1106869
1106884
1106885
1106886
1106896
1106921
1106923
1106987
1107032
1107033
1107053
1107054
1107057
1107058
1107059
1107062
1107063
1107064
1107065
1107076
1107077
1107078
1107079
1107082
1107083
1107084
1107120
1107147
1107177
1107178
1107179
1107194
1107216
1107231
1107264
1107266
1107275
1107300
1107308
1107335
1107336
1107337
1107338
1107386
1107387
1107434
1107439
1107536
1107548
1107549
1107568
1107569
1107573
1107575
1107602
1107642
1107643
1107644
1107645
1107695
1107696
1107697
1107730
1107731
1107732
1107758
1107759
1107760
1107770
1107771
1107800
1107837
1107851
1107887
1107888
1107902
1107903
1107909
1107910
1107911
1107912
1107948
1107972
1107998
1108006
1108007
1108022
1108066
1108067
1108071
1108072
1108078
1108079
1108080
1108108
1108109
1108110
1108174
1108175
1108189
1108264
1108265
1108266
1108319
1108320
1108321
1108322
1108345
1108353
1108354
1108355
1108357
1108358
1108360
1108361
1108372
1108373
1108413
1108459
1108473
1108474
1108475
1108524
1108526
1108527
1108528
1108550
1108563
1108564
1108565
1108621
1108683
1108711
1108712
1108713
1108732
1108733
1108734
1108787
1108788
1108789
1108805
1108806
1108832
1108839
1108857
1108858
1108909
1108926
1108928
1108929
1108931
1108938
1108972
1108981
1109038
1109039
1109040
1109153
1109154
1109163
1109164
1109195
1109196
1109241
1109242
1109277
1109278
1109279
1109299
1109304
1109409
1109439
1109499
1109500
1109501
1109535
1109537
1109698
1109760
1109761
1109849
1109915
1109916
1109917
1109932
1109933
1109959
1109960
1110084
1110085
1110208
1110209
1110265
1110296
1110407
1110468
1110479
1110482
1110483
1110548
1110549
1110550
1110551
1110575
1110576
1110703
1110704
1110705
1110756
1110757
1111026
1111027
1111048
1111049
1111050
1111112
1111115
1111116
1111136
1111147
1111148
1111149
1111150
1111207
1111210
1111211
1111227
1111228
1111242
1111291
1111292
1111293
1111294
1111322
1111323
1111405
1111406
1111421
1111422
1111423
1111479
1111498
1111533
1111534
1111604
1111605
1111606
1111607
1111657
1111667
1111746
1111747
1111755
1111798
1111799
1111877
1111884
1111886
1111887
1111909
1111912
1111924
1111976
1111977
1111978
1111980
1111981
1111982
1111994
1112007
1112025
1112026
1112027
1112028
1112066
1112079
1112091
1112120
1112121
1112123
1112134
1112135
1112162
1112174
1112175
1112176
1112185
1112188
1112189
1112197
1112206
1112207
1112208
1112238
1112241
1112242
1112390
1112391
1112404
1112405
1112411
1112412
1112422
1112461
1112462
1112547
1112550
1112613
1112703
1112713
1112714
1112717
1112755
1112756
1112758
1112781
1112801
1112829
1112837
1112839
1112840
1112841
1112842
1112913
1112914
1112927
1112928
1112929
1112941
1112965
1112966
1112979
1112980
1113008
1113009
1113010
1113031
1113037
1113038
1113039
1113054
1113071
1113076
1113077
1113078
1113130
1113152
1113165
1113166
1113167
1113168
1113195
1113197
1113200
1113221
1113222
1113223
1113258
1113259
1113260
1113270
1113271
1113304
1113306
1113316
1113382
1113388
1113389
1113404
1113405
1113406
1113407
1113417
1113418
1113419
1113420
1113436
1113438
1113445
1113448
1113450
1113451
1113453
1113488
1113489
1113528
1113529
1113530
1113564
1113565
1113568
1113569
1113573
1113597
1113622
1113623
1113624
1113626
1113709
1113770
1113771
1113776
1113777
1113778
1113965
1114041
1114042
1114043
1114072
1114073
1114074
1114075
1114158
1114295
1114296
1114303
1114304
1114305
1114367
1114368
1114459
1114486
1114487
1114488
1114657
1114658
1114659
1114961
1114983
1114984
1114985
1115082
1115083
1115103
1115104
1115363
1115364
1115371
1115372
1115373
1115400
1115401
1115402
1115421
1115450
1115451
1115487
1115498
1115499
1115840
1115841
1115842
1115843
1115872
1115932
1115933
1115950
1115980
1115982
1115983
1116030
1116031
1116032
1116063
1116064
1116065
1116095
1116096
1116129
1116130
1116201
1116204
1116211
1116212
1116213
1116277
1116278
1116307
1116308
1116340
1116341
1116342
1116368
1116369
1116373
1116374
1116380
1116383
1116384
1116388
1116441
1116460
1116461
1116462
1116463
1116474
1116475
1116476
1116477
1116491
1116554
1116555
1116556
1116559
1116571
1116572
1116574
1116591
1116650
1116651
1116652
1116727
1116728
1116730
1116817
1116827
1116828
1116913
1116914
1116915
1116951
1116952
1116960
1117008
1117009
1117010
1117013
1117014
1117073
1117104
1117105
1117106
1117107
1117194
1117314
1117315
1117316
1117356
1117423
1117462
1117463
1117484
1117485
1117486
1117590
1117591
1117632
1117659
1117663
1117664
1117689
1117690
1117691
1117772
1117773
1117796
1117814
1117865
1117943
1117952
1117953
1117954
1117955
1117987
1117988
1117989
1117994
1117995
1118020
1118034
1118035
1118042
1118043
1118099
1118120
1118126
1118145
1118146
1118148
1118169
1118181
1118182
1118184
1118201
1118289
1118318
1118319
1118320
1118321
1118324
1118325
1118388
1118389
1118445
1118467
1118482
1118520
1118521
1118522
1118559
1118567
1118568
1118576
1118577
1118578
1118616
1118617
1118618
1118620
1118621
1118622
1118623
1118716
1118717
1118739
1118740
1118741
1118780
1118781
1118782
1118801
1118802
1118803
1118861
1118862
1118901
1118902
1119047
1119049
1119073
1119074
1119091
1119124
1119125
1119126
1119142
1119143
1119164
1119165
1119166
1119167
1119289
1119290
1119291
1119314
1119315
1119316
1119360
1119361
1119362
1119449
1119450
1119490
1119493
1119546
1119589
1119591
1119592
1119593
1119600
1119602
1119608
1119643
1119749
1119750
1119751
1119752
1119794
1119825
1119884
1119885
1119913
1119914
1119915
1119916
1120005
1120090
1120097
1120134
1120211
1120212
1120329
1120330
1120331
1120405
1120406
1120410
1120413
1120414
1120415
1120458
1120459
1120460
1120478
1120479
1120480
1120556
1120557
1120558
1120563
1120614
1120615
1120616
1120624
1120627
1120763
1120764
1120765
1120790
1120791
1120855
1120887
1120920
1120921
1120923
1120947
1120948
1120949
1120950
1120955
1120956
1120985
1120986
1120998
1121031
1121078
1121079
1121080
1121081
1121125
1121141
1121142
1121196
1121197
1121198
1121199
1121246
1121247
1121255
1121258
1121259
1121282
1121303
1121372
1121413
1121480
1121481
1121482
1121494
1121496
1121498
1121562
1121563
1121564
1121585
1121589
1121590
1121657
1121658
1121659
1121719
1121779
1121836
1121838
1121845
1121846
1121847
1121848
1121858
1121866
1121867
1121868
1121870
1121871
1121872
1121876
1121877
1121944
1121959
1121960
1121986
1121993
1121996
1121997
1122023
1122024
1122025
1122028
1122029
1122030
1122051
1122052
1122104
1122105
1122109
1122153
1122154
1122155
1122187
1122188
1122189
1122190
1122193
1122194
1122204
1122214
1122228
1122229
1122234
1122236
1122252
1122264
1122265
1122269
1122292
1122293
1122294
1122307
1122308
1122310
1122311
1122313
1122381
1122382
1122383
1122431
1122452
1122453
1122455
1122461
1122462
1122466
1122468
1122480
1122482
1122483
1122485
1122487
1122488
1122490
1122498
1122500
1122501
1122508
1122526
1122527
1122545
1122575
1122577
1122578
1122585
1122593
1122595
1122596
1122597
1122610
1122611
1122612
1122623
1122624
1122625
1122626
1122659
1122660
1122665
1122666
1122667
1122668
1122680
1122682
1122694
1122695
1122696
1122706
1122707
1122708
1122709
1122717
1122719
1122730
1122732
1122733
1122734
1122740
1122794
1122795
1122887
1122902
1122903
1122904
1122905
1122924
1122925
1122927
1122938
1122940
1122958
1122959
1122978
1122981
1122982
1122983
1123041
1123044
1123105
1123145
1123147
1123206
1123207
1123209
1123212
1123213
1123214
1123216
1123217
1123244
1123245
1123285
1123286
1123287
1123288
1123324
1123325
1123337
1123338
1123339
1123340
1123383
1123405
1123406
1123407
1123408
1123429
1123430
1123491
1123492
1123495
1123500
1123501
1123502
1123503
1123584
1123585
1123606
1123607
1123608
1123637
1123638
1123640
1123641
1123649
1123673
1123674
1123692
1123693
1123706
1123707
1123756
1123757
1123759
1123760
1123761
1123784
1123785
1123806
1123807
1123810
1123825
1123826
1123827
1123834
1123835
1123836
1123900
1123943
1123944
1124017
1124060
1124084
1124085
1124098
1124100
1124101
1124147
1124148
1124149
1124173
1124174
1124203
1124218
1124229
1124230
1124231
1124232
1124240
1124245
1124391
1124392
1124451
1124454
1124480
1124506
1124508
1124548
1124549
1124550
1124575
1124576
1124578
1124647
1124648
1124649
1124651
1124652
1124653
1124661
1124669
1124670
1124707
1124709
1124710
1124729
1124730
1124739
1124741
1124742
1124754
1124755
1124808
1124809
1124905
1124922
1124960
1124975
1124976
1124977
1125008
1125017
1125018
1125027
1125028
1125038
1125039
1125041
1125146
1125147
1125148
1125149
1125160
1125161
1125205
1125233
1125236
1125237
1125238
1125239
1125289
1125290
1125335
1125367
1125368
1125442
1125443
1125565
1125692
1125693
1125694
1125703
1125704
1125705
1125706
1125726
1125752
1125771
1125782
1125785
1125808
1125811
1125812
1125820
1125821
1125822
1125862
1125863
1125912
1125913
1125914
1125915
1125959
1125960
1125961
1126011
1126012
1126016
1126017
1126024
1126112
1126113
1126114
1126121
1126122
1126123
1126159
1126166
1126167
1126168
1126174
1126197
1126198
1126200
1126204
1126205
1126209
1126210
1126294
1126311
1126326
1126327
1126328
1126329
1126398
1126415
1126500
1126501
1126530
1126569
1126570
1126574
1126575
1126631
1126633
1126674
1126697
1126708
1126709
1126782
1126822
1126826
1126827
1126828
1126841
1126842
1126843
1126865
1126890
1126892
1126893
1126900
1126901
1126902
1126903
1126931
1126983
1127015
1127016
1127055
1127120
1127121
1127122
1127159
1127160
1127192
1127193
1127220
1127221
1127225
1127227
1127278
1127315
1127316
1127317
1127327
1127328
1127337
1127338
1127344
1127345
1127404
1127405
1127406
1127488
1127489
1127491
1127492
1127523
1127524
1127525
1127526
1127566
1127567
1127573
1127595
1127596
1127705
1127732
1127737
1127802
1127803
1127804
1127805
1127832
1127833
1127839
1127840
1127841
1127894
1127895
1127896
1127908
1127909
1127911
1127912
1127916
1127963
1127978
1127979
1128024
1128138
1128139
1128142
1128143
1128144
1128192
1128193
1128194
1128195
1128216
1128237
1128238
1128239
1128249
1128250
1128251
1128356
1128357
1128358
1128374
1128375
1128455
1128480
1128481
1128490
1128491
1128502
1128522
1128523
1128558
1128559
1128560
1128575
1128576
1128577
1128578
1128596
1128600
1128701
1128702
1128715
1128717
1128724
1128725
1128726
1128728
1128767
1128772
1128774
1128909
1128951
1128952
1128954
1128955
1128990
1128999
1129011
1129012
1129014
1129021
1129025
1129033
1129108
1129125
1129126
1129129
1129130
1129137
1129138
1129141
1129143
1129151
1129154
1129155
1129156
1129165
1129213
1129218
1129229
1129232
1129233
1129234
1129269
1129270
1129271
1129355
1129369
1129386
1129406
1129407
1129408
1129422
1129423
1129425
1129426
1129438
1129439
1129514
1129516
1129517
1129521
1129569
1129570
1129577
1129578
1129591
1129632
1129635
1129651
1129652
1129669
1129677
1129679
1129685
1129706
1129707
1129709
1129717
1129718
1129719
1129727
1129728
1129729
1129741
1129754
1129755
1129829
1129830
1129831
1129832
1129909
1129911
1129912
1129913
1129914
1129947
1129948
1129949
1129950
1129953
1129954
1129955
1129960
1129965
1129968
1129969
1129970
1129985
1129986
1130002
1130011
1130012
1130013
1130030
1130031
1130034
1130044
1130045
1130046
1130047
1130124
1130125
1130126
1130127
1130191
1130200
1130244
1130245
1130246
1130291
1130293
1130294
1130324
1130326
1130472
1130473
1130597
1130598
1130614
1130615
1130616
1130653
1130654
1130655
1130657
1130683
1130684
1130685
1130702
1130720
1130721
1130722
1130723
1130772
1130960
1130961
1130962
1130974
1130975
1131121
1131156
1131157
1131159
1131203
1131214
1131402
1131403
1131404
1131529
1131530
1131531
1131547
1131548
1131549
1131550
1131564
1131693
1131694
1131695
1131702
1131703
1131704
1131806
1131867
1131868
1131869
1131907
1131908
1131948
1131950
1132009
1132010
1132018
1132019
1132025
1132026
1132099
1132100
1132101
1132102
1132205
1132209
1132234
1132235
1132236
1132278
1132279
1132280
1132315
1132357
1132360
1132361
1132375
1132376
1132377
1132419
1132420
1132421
1132446
1132447
1132448
1132479
1133054
1133055
1133056
1133065
1133071
1133187
1133188
1133230
1133231
1133232
1133260
1133261
1133262
1133360
1133361
1133362
1133366
1133367
1133405
1133407
1133431
1133432
1133466
1133506
1133507
1133508
1133515
1133540
1133541
1133542
1133665
1133666
1133680
1133757
1133758
1133759
1133841
1133843
1133844
1133865
1133874
1133875
1133925
1133926
1133927
1133933
1134006
1134007
1134009
1134019
1134038
1134039
1134047
1134048
1134049
1134082
1134083
1134084
1134085
1134148
1134149
1134150
1134151
1134168
1134170
1134210
1134223
1134225
1134227
1134313
1134318
1134319
1134320
1134321
1134350
1134351
1134352
1134362
1134415
1134468
1134469
1134470
1134541
1134542
1134543
1134544
1134545
1134605
1134652
1134653
1134654
1134684
1134685
1134693
1134694
1134695
1134710
1134711
1134712
1134713
1134744
1134746
1134751
1134775
1134776
1134781
1134782
1134783
1134784
1134790
1134791
1134792
1134793
1134838
1134839
1134841
1134857
1134859
1134900
1134901
1134903
1134991
1134992
1134993
1134994
1135013
1135015
1135026
1135032
1135033
1135034
1135067
1135068
1135070
1135071
1135072
1135083
1135121
1135122
1135123
1135132
1135133
1135205
1135214
1135223
1135224
1135225
1135228
1135240
1135241
1135276
1135279
1135296
1135297
1135298
1135305
1135311
1135312
1135334
1135335
1135401
1135412
1135431
1135450
1135451
1135491
1135623
1135640
1135641
1135642
1135643
1135676
1135677
1135685
1135717
1135718
1135728
1135729
1135731
1135751
1135752
1135753
1135814
1135815
1135816
1135817
1135836
1135837
1135838
1135849
1135850
1135855
1135856
1135857
1135858
1135884
1135885
1135886
1135887
1135908
1135949
1135950
1135951
1135985
1135987
1135988
1136020
1136035
1136036
1136037
1136038
1136060
1136061
1136067
1136068
1136069
1136079
1136081
1136082
1136083
1136084
1136194
1136208
1136209
1136280
1136435
1136436
1136437
1136480
1136531
1136532
1136564
1136624
1136661
1136662
1136689
1136690
1136691
1136692
1136724
1136725
1136727
1136739
1136792
1136820
1136860
1136861
1136942
1136943
1136944
1136945
1137024
1137025
1137032
1137048
1137049
1137050
1137051
1137065
1137066
1137067
1137168
1137170
1137171
1137180
1137181
1137185
1137186
1137221
1137222
1137223
1137257
1137258
1137259
1137297
1137298
1137371
1137372
1137418
1137420
1137433
1137434
1137441
1137442
1137450
1137451
1137452
1137453
1137457
1137458
1137459
1137460
1137465
1137466
1137467
1137468
1137501
1137502
1137566
1137567
1137568
1137573
1137582
1137583
1137586
1137633
1137636
1137655
1137656
1137664
1137665
1137666
1137675
1137679
1137680
1137692
1137711
1137712
1137714
1137734
1137735
1137775
1137776
1137777
1137823
1137876
1137877
1137930
1137931
1137987
1138030
1138055
1138056
1138057
1138058
1138243
1138290
1138291
1138330
1138346
1138406
1138407
1138418
1138425
1138447
1138448
1138449
1138450
1138539
1138540
1138597
1138598
1138612
1138613
1138623
1138624
1138626
1138666
1138667
1138669
1138687
1138692
1138693
1138761
1138762
1138763
1138764
1138774
1138775
1138776
1138789
1138790
1138792
1138843
1138844
1138854
1138859
1138863
1138864
1138888
1138889
1138932
1139000
1139001
1139003
1139010
1139011
1139028
1139069
1139070
1139071
1139413
1139421
1139422
1139423
1139424
1139444
1139453
1139454
1139455
1139456
1139495
1139496
1139583
1139584
1139606
1139607
1139608
1139609
1139641
1139659
1139733
1139734
1139735
1139736
1139826
1139835
1139836
1139856
1139857
1139858
1139918
1139919
1139920
1139996
1140001
1140039
1140074
1140075
1140089
1140105
1140114
1140115
1140169
1140170
1140171
1140235
1140237
1140712
1140713
1140714
1140715
1140736
1140783
1140784
1140785
1140813
1140815
1140816
1140817
1140831
1140832
1140833
1140837
1140838
1140897
1140898
1140899
1140902
1140904
1140955
1141019
1141095
1141096
1141097
1141098
1141232
1141233
1141235
1141249
1141250
1141251
1141252
1141262
1141306
1141338
1141339
1141393
1141394
1141401
1141402
1141403
1141425
1141426
1141450
1141522
1141529
1141530
1141532
1141566
1141567
1141628
1141636
1141708
1141709
1141710
1141725
1141726
1141727
1141762
1141771
1141778
1141779
1141780
1141781
1141797
1141798
1141824
1141840
1141843
1141845
1141846
1141891
1141894
1141895
1141910
1141911
1141914
1141917
1141918
1141919
1141920
1141994
1141996
1141997
1141998
1142001
1142002
1142029
1142030
1142055
1142056
1142087
1142088
1142089
1142098
1142111
1142188
1142191
1142192
1142238
1142242
1142243
1142244
1142277
1142278
1142287
1142288
1142289
1142320
1142321
1142331
1142332
1142333
1142467
1142468
1142469
1142519
1142563
1142564
1142577
1142580
1142581
1142582
1142587
1142588
1142589
1142591
1142592
1142593
1142594
1142597
1142630
1142631
1142632
1142633
1142656
1142657
1142681
1142682
1142683
1142787
1142788
1142789
1142823
1142824
1142825
1142826
1142962
1143081
1143082
1143083
1143118
1143170
1143171
1143263
1143264
1143269
1143270
1143271
1143272
1143289
1143290
1143317
1143318
1143319
1143328
1143329
1143349
1143354
1143355
1143356
1143422
1143502
1143503
1143507
1143522
1143523
1143524
1143525
1143549
1143554
1143575
1143576
1143611
1143612
1143613
1143617
1143619
1143620
1143625
1143626
1143690
1143691
1143692
1143758
1143759
1143760
1143774
1143776
1143777
1143799
1143800
1143801
1143802
1143814
1143845
1143846
1143860
1143861
1143894
1143895
1143896
1143912
1143914
1143915
1143916
1143936
1143937
1143938
1143939
1143948
1143949
1143957
1143958
1143959
1143960
1143998
1143999
1144000
1144005
1144032
1144033
1144036
1144037
1144038
1144060
1144061
1144063
1144079
1144080
1144084
1144085
1144120
1144121
1144131
1144133
1144177
1144179
1144180
1144189
1144190
1144215
1144216
1144217
1144232
1144233
1144237
1144238
1144270
1144271
1144272
1144297
1144298
1144299
1144306
1144308
1144311
1144312
1144313
1144315
1144316
1144329
1144330
1144344
1144367
1144368
1144378
1144386
1144389
1144390
1144391
1144392
1144403
1144404
1144405
1144449
1144450
1144472
1144473
1144486
1144487
1144488
1144510
1144524
1144525
1144529
1144530
1144538
1144541
1144575
1144576
1144577
1144578
1144595
1144653
1144657
1144658
1144659
1144723
1144724
1144788
1144789
1144790
1144880
1144909
1144910
1144911
1144912
1144951
1144978
1144979
1145015
1145016
1145017
1145042
1145044
1145045
1145046
1145071
1145072
1145073
1145081
1145083
1145084
1145085
1145086
1145096
1145097
1145098
1145099
1145154
1145181
1145209
1145210
1145265
1145266
1145267
1145270
1145282
1145283
1145284
1145285
1145292
1145296
1145297
1145377
1145378
1145436
1145437
1145453
1145454
1145455
1145461
1145462
1145463
1145464
1145472
1145473
1145474
1145475
1145490
1145491
1145492
1145493
1145505
1145506
1145518
1145530
1145531
1145532
1145533
1145548
1145551
1145568
1145569
1145570
1145573
1145574
1145584
1145586
1145588
1145613
1145614
1145660
1145664
1145667
1145676
1145677
1145678
1145681
1145682
1145693
1145695
1145696
1145737
1145738
1145749
1145783
1145846
1145880
1145897
1145919
1145920
1145921
1145933
1145934
1145935
1145979
1145988
1145989
1145990
1146004
1146012
1146013
1146015
1146018
1146023
1146024
1146026
1146027
1146028
1146029
1146039
1146040
1146041
1146052
1146053
1146054
1146105
1146135
1146137
1146138
1146236
1146237
1146238
1146270
1146271
1146272
1146276
1146277
1146285
1146287
1146291
1146292
1146293
1146309
1146310
1146311
1146326
1146333
1146334
1146347
1146365
1146366
1146368
1146369
1146483
1146484
1146485
1146486
1146551
1146552
1146553
1146554
1146569
1146571
1146572
1146573
1146651
1146652
1146721
1146734
1146735
1146736
1146737
1146746
1146747
1146773
1146774
1146775
1146791
1146792
1146793
1146794
1146796
1146797
1146816
1146817
1146818
1146819
1146860
1146861
1146885
1146915
1146917
1146918
1146975
1147001
1147002
1147050
1147051
1147056
1147057
1147073
1147105
1147107
1147108
1147118
1147119
1147194
1147195
1147196
1147197
1147221
1147222
1147234
1147235
1147236
1147246
1147247
1147264
1147269
1147270
1147271
1147272
1147306
1147307
1147308
1147310
1147311
1147323
1147340
1147357
1147358
1147359
1147363
1147364
1147365
1147366
1147398
1147400
1147401
1147402
1147476
1147496
1147497
1147498
1147500
1147531
1147532
1147552
1147553
1147569
1147581
1147588
1147636
1147665
1147676
1147678
1147791
1147793
1147799
1147800
1147823
1147824
1147825
1147849
1147850
1147851
1147852
1147859
1147860
1147861
1147867
1147891
1147894
1147895
1147896
1147937
1147938
1147939
1147983
1148004
1148005
1148014
1148015
1148016
1148019
1148020
1148043
1148047
1148048
1148071
1148080
1148081
1148115
1148116
1148117
1148123
1148124
1148126
1148127
1148131
1148132
1148133
1148157
1148159
1148160
1148165
1148166
1148167
1148196
1148215
1148216
1148217
1148239
1148241
1148271
1148272
1148287
1148288
1148289
1148290
1148320
1148321
1148339
1148340
1148341
1148353
1148371
1148372
1148374
1148383
1148454
1148470
1148471
1148519
1148543
1148544
1148545
1148546
1148562
1148563
1148701
1148702
1148703
1148828
1148829
1148860
1148861
1148862
1148957
1148959
1149011
1149115
1149116
1149117
1149118
1149126
1149234
1149235
1149236
1149272
1149273
1149513
1149514
1149588
1149641
1149642
1149643
1149761
1149762
1149763
1149806
1149807
1149818
1149847
1149848
1149880
1149881
1149901
1149903
1150000
1150037
1150038
1150236
1150238
1150332
1150333
1150334
1150369
1150370
1150473
1150484
1150486
1150490
1150491
1150492
1150493
1150546
1150547
1150548
1150574
1150575
1150581
1150582
1150586
1150587
1150588
1150600
1150601
1150602
1150627
1150628
1150629
1150630
1150644
1150664
1150665
1150694
1150695
1150698
1150801
1150802
1150948
1150949
1150994
1150995
1150996
1151044
1151045
1151046
1151055
1151056
1151058
1151082
1151083
1151094
1151095
1151109
1151110
1151133
1151135
1151136
1151149
1151150
1151151
1151152
1151165
1151217
1151218
1151219
1151222
1151223
1151224
1151225
1151244
1151245
1151274
1151327
1151334
1151335
1151443
1151445
1151480
1151481
1151482
1151497
1151500
1151501
1151502
1151557
1151558
1151559
1151681
1151685
1151788
1151798
1151799
1151800
1151868
1151955
1151956
1151957
1151958
1151960
1151967
1151968
1151969
1151979
1151980
1151981
1151996
1152016
1152017
1152054
1152055
1152060
1152062
1152181
1152182
1152183
1152184
1152213
1152214
1152215
1152230
1152231
1152232
1152282
1152318
1152319
1152320
1152334
1152335
1152336
1152337
1152383
1152394
1152397
1152407
1152408
1152578
1152579
1152580
1152596
1152597
1152598
1152599
1152614
1152615
1152646
1152660
1152692
1152693
1152735
1152766
1152768
1152769
1152771
1152774
1152775
1152776
1152799
1152815
1152816
1152817
1152827
1152847
1152848
1152849
1152850
1152852
1152881
1152886
1152887
1152890
1152901
1152902
1152903
1152926
1152942
1152944
1152949
1152963
1152965
1152967
1152992
1153037
1153038
1153039
1153052
1153053
1153095
1153096
1153097
1153126
1153127
1153179
1153180
1153181
1153199
1153200
1153214
1153215
1153217
1153242
1153243
1153317
1153370
1153371
1153372
1153385
1153386
1153397
1153399
1153402
1153552
1153553
1153577
1153579
1153580
1153623
1153624
1153631
1153640
1153656
1153657
1153669
1153711
1153732
1153736
1153771
1153772
1153773
1153806
1153807
1153852
1153853
1153862
1153863
1153864
1153872
1153888
1153889
1153896
1153897
1153898
1153899
1153906
1153947
1153948
1153994
1153997
1154018
1154020
1154028
1154029
1154031
1154047
1154092
1154093
1154094
1154106
1154107
1154109
1154124
1154125
1154127
1154195
1154197
1154199
1154228
1154229
1154230
1154263
1154264
1154425
1154426
1154534
1154558
1154559
1154568
1154570
1154571
1154574
1154576
1154577
1154601
1154602
1154603
1154605
1154695
1154716
1154717
1154718
1154838
1154839
1154943
1154944
1154973
1154974
1154975
1154976
1154988
1154997
1155068
1155069
1155070
1155079
1155080
1155081
1155098
1155154
1155155
1155157
1155158
1155160
1155161
1155162
1155163
1155183
1155185
1155186
1155207
1155208
1155209
1155405
1155407
1155470
1155471
1155548
1155643
1155673
1155674
1155675
1155810
1155865
1155898
1155929
1155933
1155934
1156118
1156120
1156121
1156139
1156140
1156172
1156173
1156175
1156219
1156220
1156221
1156286
1156287
1156289
1156294
1156295
1156297
1156307
1156421
1156422
1156423
1156442
1156443
1156444
1156445
1156459
1156460
1156461
1156462
1156483
1156489
1156495
1156503
1156504
1156523
1156544
1156545
1156546
1156547
1156598
1156599
1156615
1156616
1156617
1156618
1156621
1156623
1156651
1156662
1156663
1156702
1156718
1156744
1156757
1156777
1156778
1156779
1156794
1156795
1156812
1156813
1156814
1156824
1156825
1156826
1156849
1156876
1156878
1156889
1156895
1156930
1156932
1156937
1156938
1156961
1156962
1156963
1156967
1156968
1156998
1157026
1157029
1157030
1157031
1157035
1157167
1157168
1157235
1157247
1157248
1157289
1157297
1157442
1157471
1157472
1157523
1157532
1157544
1157545
1157600
1157601
1157602
1157633
1157634
1157635
1157637
1157660
1157678
1157688
1157689
1157698
1157699
1157700
1157713
1157744
1157745
1157746
1157809
1157810
1157811
1157823
1157825
1157826
1157827
1157875
1157893
1157900
1157901
1157922
1157960
1158000
1158001
1158002
1158003
1158040
1158041
1158042
1158043
1158051
1158052
1158053
1158064
1158177
1158178
1158179
1158180
1158189
1158190
1158239
1158240
1158241
1158321
1158322
1158337
1158338
1158339
1158340
1158344
1158345
1158374
1158395
1158396
1158397
1158398
1158430
1158431
1158432
1158441
1158442
1158468
1158469
1158517
1158519
1158520
1158524
1158525
1158528
1158549
1158551
1158552
1158553
1158564
1158565
1158566
1158567
1158584
1158702
1158714
1158715
1158723
1158724
1158726
1158798
1158852
1158903
1158904
1158911
1158929
1158930
1158943
1158944
1158965
1158966
1158977
1158978
1158979
1159051
1159054
1159055
1159067
1159068
1159069
1159070
1159135
1159136
1159137
1159146
1159168
1159169
1159170
1159209
1159210
1159235
1159245
1159253
1159256
1159257
1159289
1159290
1159339
1159385
1159386
1159388
1159398
1159403
1159420
1159422
1159423
1159506
1159548
1159549
1159722
1159727
1159728
1159729
1159849
1159850
1159852
1159900
1159904
1160012
1160014
1160018
1160020
1160048
1160107
1160108
1160109
1160203
1160204
1160205
1160258
1160259
1160271
1160272
1160274
1160283
1160305
1160306
1160322
1160323
1160402
1160403
1160405
1160418
1160420
1160421
1160476
1160478
1160495
1160540
1160558
1160559
1160560
1160561
1160562
1160620
1160640
1160641
1160642
1160643
1160681
1160719
1160739
1160745
1160746
1160747
1160756
1160757
1160758
1161024
1161025
1161026
1161028
1161156
1161157
1161158
1911110
1925558
1933077
4288081
4288573
4288963
4290024
4290311
4290313
4290381
4290523
4290770
5332415
5421544
5422792
5422928
5422930
5422971
5422973
5422993
5423029
5423030
5423032
5423039
5423040
5423052
5423058
5426813
5426887
5426888
5426890
5426903
5426904
5426910
5426918
5426919
5426922
5426939
5426940
5426951
5426952
5426995
5427010
5427012
5427013
5427021
5427023
5427024
5427025
5427067
5427071
5427072
5427073
5427157
5427158
5427164
5427960
